44.333333333333336
79.66666666666667
47.666666666666664
36.333333333333336
52.666666666666664
67.33333333333333
65.33333333333333
54.666666666666664
89.33333333333333
63.333333333333336
49.666666666666664
56.666666666666664
68.33333333333333
59.666666666666664
56.666666666666664
69.0
28.0
69.66666666666667
79.0
67.0
64.33333333333333
44.666666666666664
61.666666666666664
67.66666666666667
53.666666666666664
59.0
69.66666666666667
48.666666666666664
52.0
42.0
49.666666666666664
48.0
45.0
32.333333333333336
66.33333333333333
61.0
63.666666666666664
66.66666666666667
55.0
65.33333333333333
37.666666666666664
63.0
79.33333333333333
38.0
70.33333333333333
51.333333333333336
30.0
56.333333333333336
67.0
60.0
83.33333333333333
63.0
67.33333333333333
66.0
76.66666666666667
87.33333333333333
64.33333333333333
50.666666666666664
63.333333333333336
63.666666666666664
71.0
54.333333333333336
68.33333333333333
46.333333333333336
62.0
65.66666666666667
55.0
85.0
55.666666666666664
41.666666666666664
49.666666666666664
67.0
72.33333333333333
73.0
62.0
66.33333333333333
44.0
59.333333333333336
43.0
62.666666666666664
69.33333333333333
53.666666666666664
71.33333333333333
67.33333333333333
91.0
84.0
74.0
58.333333333333336
55.666666666666664
65.0
63.333333333333336
52.333333333333336
58.666666666666664
73.0
49.0
82.33333333333333
78.33333333333333
77.0
69.33333333333333
77.33333333333333
48.0
71.66666666666667
76.66666666666667
59.0
73.33333333333333
68.33333333333333
54.333333333333336
68.33333333333333
47.0
69.66666666666667
39.666666666666664
62.333333333333336
60.0
65.66666666666667
50.666666666666664
69.66666666666667
68.66666666666667
63.666666666666664
53.666666666666664
77.0
70.33333333333333
63.0
68.33333333333333
83.33333333333333
61.0
57.666666666666664
60.666666666666664
80.66666666666667
60.484375 63.171875 62.1171875
